Reflector thickness (cm)   k    manualalb   setalb [total group to group albedos for the entire albedo surface]

10 cm     0.6347   0.6967   [  6.20554E-01 0.0E+00  2.54270E-02 0.0E+00  2.96075E-03 0.0E+00  6.84276E-01 0.0E+00 ]
15 cm     0.7080   0.7676   [  6.85951E-01 0.0E+00  4.48308E-02 0.0E+00  2.93466E-03 0.0E+00  7.56157E-01 0.0E+00 ];
20 cm     0.7789   0.8087   [  7.21807E-01 0.0E+00  6.73134E-02 0.0E+00  2.48565E-03 0.0E+00  8.07049E-01 0.0E+00 ];
25 cm     0.8409   0.8386   [  7.38506E-01 0.0E+00  8.79585E-02 0.0E+00  2.26930E-03 0.0E+00  8.41489E-01 0.0E+00 ];
30 cm     0.8803   0.8554   [  7.41574E-01 0.0E+00  1.05441E-01 0.0E+00  2.09436E-03 0.0E+00  8.61741E-01 0.0E+00 ];
35 cm     0.9137   0.8689   [  7.43879E-01 0.0E+00  1.20609E-01 0.0E+00  1.83227E-03 0.0E+00  8.75707E-01 0.0E+00 ];
40 cm     0.9460   0.8777   [  7.42817E-01 0.0E+00  1.31424E-01 0.0E+00  1.80971E-03 0.0E+00  8.84695E-01 0.0E+00 ];
45 cm     0.9708   0.8857   [  7.44009E-01 0.0E+00  1.40270E-01 0.0E+00  2.07152E-03 0.0E+00  8.91083E-01 0.0E+00 ];
50 cm     0.9875   0.8912   [  7.44563E-01 0.0E+00  1.46625E-01 0.0E+00  1.81380E-03 0.0E+00  8.97930E-01 0.0E+00 ];
55 cm     1.0036   0.8963   [  7.46553E-01 0.0E+00  1.50100E-01 0.0E+00  1.95492E-03 0.0E+00  9.01899E-01 0.0E+00 ];
60 cm     1.0156   0.8989   [  7.46553E-01 0.0E+00  1.50100E-01 0.0E+00  1.95492E-03 0.0E+00  9.01899E-01 0.0E+00 ];
65 cm     1.0293   0.8988   [  7.45572E-01 0.0E+00  1.58542E-01 0.0E+00  1.99154E-03 0.0E+00  9.07906E-01 0.0E+00 ];
70 cm     1.0364   0.9044   [  7.45804E-01 0.0E+00  1.60616E-01 0.0E+00  1.95866E-03 0.0E+00  9.09266E-01 0.0E+00 ];
75 cm     1.0388   0.9055   [  7.45925E-01 0.0E+00  1.62379E-01 0.0E+00  1.69723E-03 0.0E+00  9.10446E-01 0.0E+00 ];
80 cm     1.0481   0.9076   [  7.45816E-01 0.0E+00  1.64942E-01 0.0E+00  1.72995E-03 0.0E+00  9.12704E-01 0.0E+00 ];
85 cm     1.0476   0.9088   [  7.46747E-01 0.0E+00  1.65299E-01 0.0E+00  1.65985E-03 0.0E+00  9.13126E-01 0.0E+00 ];
90 cm     1.0555   0.9096   [  7.45940E-01 0.0E+00  1.66985E-01 0.0E+00  1.75303E-03 0.0E+00  9.13807E-01 0.0E+00 ];
